69.9/100 Partial points

#subtask 1 AC
3 1 3 3
3 2 2 3
3 1 3 2
1 3 3 2

#subtask 2 AC
3 3 2 2 1 3 3 2
3 2 3 3 2 3 1 2
1 2 3 1 2 1 3 3
3 3 2 2 1 2 2 3
3 2 3 3 2 3 3 1
1 2 3 1 2 3 2 2
3 3 2 3 3 1 3 3
3 1 2 3 2 2 3 1

#subtask 3 AC
3 2 3 2 3 3 2 3 3 2 2 1 3 2 2 1 2 2 3 2 3 3 2 1 2 2 1 2 2 1 2 2 3 3 2 3 2 2 1 3 3 3 2 3 3 2 3 3 3 1
3 2 3 2 3 1 2 3 1 3 1 2 3 1 3 3 3 1 3 2 3 1 2 3 3 3 2 3 1 2 3 1 3 1 2 3 1 3 3 2 2 1 2 3 1 2 1 2 1 3
3 1 3 1 2 2 1 2 2 3 3 2 3 2 2 1 2 2 3 1 2 2 1 2 2 1 2 3 3 2 3 3 2 2 1 3 2 2 3 1 3 3 3 1 3 3 3 2 3 3

#subtask 4 AC
2 2 3 3 2 2 1 2 2 1
3 1 3 2 3 3 2 3 3 2
3 3 1 2 1 3 2 3 1 2
1 2 3 3 2 2 1 2 2 1
3 2 3 2 3 3 2 3 3 2
3 3 1 2 1 3 2 3 1 2
1 2 2 1 2 2 1 2 2 1
2 3 3 2 3 3 2 3 3 2
2 3 1 2 3 1 2 3 1 2
1 2 2 1 2 2 1 2 2 1

#subtask 5 AC
1 2 2 1 2 2 1 3 3 2
3 3 1 3 1 3 2 3 1 2
3 1 3 3 2 3 2 1 3 3
1 2 2 1 2 3 1 3 1 3
3 3 1 3 3 1 3 3 2 2
3 2 3 2 3 2 1 2 3 3
1 2 3 2 1 2 3 2 3 2
2 1 3 1 3 1 3 3 1 2
2 3 1 2 3 3 1 2 2 1
1 3 3 2 1 2 2 3 3 3

#subtask 6 9.9/10 Partial points
2 2 1 3 2 2 3 2 3 1 2 1 2 2 3 3 2 3 2 2
1 3 2 3 3 1 3 2 3 3 2 3 3 1 3 1 2 3 3 1
3 3 2 1 2 2 3 1 2 2 3 1 3 2 2 3 3 1 2 2
2 2 3 3 3 1 2 2 1 3 3 2 2 3 3 2 3 2 3 3
3 3 1 2 2 3 3 1 3 2 1 3 3 1 3 2 1 2 3 2
2 3 2 3 1 3 1 3 3 2 3 2 3 2 2 3 3 3 1 2
2 1 2 3 3 2 2 1 2 3 3 2 1 3 3 2 2 1 2 3
3 3 3 2 2 3 1 3 2 1 2 1 2 2 3 1 3 3 2 3
1 2 2 3 1 3 2 3 1 3 2 3 3 3 1 2 2 3 1 3
2 3 1 3 2 3 2 3 2 3 3 2 2 1 3 3 1 2 2 1
2 3 2 3 2 1 3 1 2 1 2 3 3 2 3 2 2 3 3 2
1 3 2 1 3 2 3 2 3 3 2 3 1 2 1 3 3 1 3 2
2 2 3 2 3 2 3 2 3 1 3 2 2 1 2 2 3 2 2 1
1 3 3 2 3 1 2 3 2 3 3 1 3 3 1 3 1 3 3 2
2 1 2 3 2 3 2 3 2 1 2 2 3 1 2 3 0 1 3 2
2 3 2 3 2 3 1 3 1 3 3 1 2 3 2 3 2 3 2 3
1 3 1 3 1 3 2 1 2 3 2 3 2 3 3 1 2 3 2 3
2 3 2 2 3 1 2 3 2 1 2 3 3 2 2 3 1 3 1 3
2 1 3 1 3 3 1 3 3 2 3 2 2 1 3 3 2 1 2 2
1 3 3 2 2 1 2 2 1 2 3 3 1 2 2 1 2 3 3 3

#subtask 7 AC
3 3 2 2 3 2 3 3 2 3 3 3 2 2 3 3 1 2 2 1 3 3 2 1 2 3 1 2 2 1
1 3 1 3 3 2 1 3 2 1 2 2 3 1 3 2 2 1 3 3 1 3 2 3 2 3 3 1 3 3
3 2 3 2 2 3 3 2 3 3 3 1 3 3 2 3 3 2 3 1 2 2 1 3 3 1 2 3 2 3
3 2 3 1 3 2 3 2 1 2 1 3 2 1 2 3 1 2 1 3 1 3 3 2 2 3 2 3 2 1
3 1 3 2 3 2 1 3 3 2 3 3 2 3 3 2 3 3 2 3 2 2 3 1 3 3 1 3 1 3
2 2 1 2 3 1 2 2 3 1 2 2 1 3 1 2 3 1 2 3 1 3 2 2 1 2 2 1 3 3
3 3 2 1 2 2 3 1 2 2 1 3 3 2 3 1 2 2 1 2 2 3 3 1 2 3 1 2 2 1
3 1 2 3 3 1 3 3 1 3 2 1 3 2 3 3 1 3 3 3 1 2 1 3 2 3 2 3 3 3
2 3 3 2 3 2 2 1 3 3 2 3 1 3 1 2 2 1 2 2 3 2 3 3 1 3 2 1 2 2
2 3 1 2 1 3 3 2 2 1 3 3 2 3 2 3 3 3 1 3 3 1 2 2 3 2 1 3 3 3
1 2 2 1 2 3 2 3 3 2 2 1 2 3 2 1 2 1 2 1 2 2 1 3 3 2 3 2 2 1
3 3 1 3 2 1 2 1 3 1 3 3 3 1 3 3 2 3 2 3 3 1 2 2 1 3 3 1 3 3
3 2 3 3 1 2 3 3 1 2 2 1 2 2 3 2 1 3 3 1 3 2 3 1 2 2 1 2 2 3
1 2 1 2 3 2 3 1 3 1 3 3 1 3 1 2 3 1 2 2 1 2 3 3 1 3 2 3 3 1
3 3 3 2 3 3 2 2 3 3 1 3 2 3 2 1 3 3 1 3 2 1 2 2 3 3 2 3 2 2
1 2 2 3 2 2 3 3 1 2 2 1 2 3 2 3 2 1 3 3 2 3 3 1 2 2 3 2 3 3
3 3 1 3 3 1 3 2 2 1 3 3 3 1 3 3 2 3 2 2 1 2 3 2 1 3 3 2 1 3
3 2 3 2 1 3 2 3 1 2 2 1 2 3 2 2 1 3 3 1 3 2 1 2 3 2 2 3 3 1
1 2 3 2 3 3 2 3 3 1 3 3 2 3 1 3 3 1 2 2 3 1 3 1 3 3 1 3 1 3
3 1 3 1 2 2 1 2 1 3 1 3 1 3 2 3 1 3 3 1 3 2 3 3 1 2 2 1 3 3
3 3 2 2 3 3 3 2 3 3 2 2 3 1 2 1 2 3 1 3 1 2 1 2 3 3 1 3 2 2
2 2 3 3 1 2 2 1 2 2 1 3 3 2 3 3 2 1 2 3 2 3 3 2 3 1 3 3 1 3
3 3 2 3 2 1 3 3 3 1 2 2 1 2 3 1 3 3 2 3 2 3 1 3 1 2 2 1 2 3
2 3 2 1 2 3 1 2 2 3 1 3 3 3 1 2 2 3 1 2 3 1 3 3 2 3 3 3 2 3
2 1 3 3 1 3 2 3 1 3 3 1 2 2 3 3 3 1 3 2 3 2 2 1 2 1 2 2 1 2
3 3 2 3 2 3 2 3 3 1 2 2 3 1 2 2 1 3 3 1 3 1 3 2 3 3 3 1 3 2
3 1 2 1 2 1 3 2 1 3 1 3 3 2 3 3 2 2 1 2 1 3 3 2 1 2 2 3 3 1
1 3 3 2 1 3 3 2 3 3 2 2 1 2 3 2 3 3 3 2 3 2 1 3 2 3 3 2 1 3
3 1 3 2 3 2 2 1 2 2 1 3 3 3 1 2 1 2 2 3 3 2 3 3 2 1 3 2 3 3
3 3 1 3 3 1 3 3 3 1 2 2 1 2 2 1 3 3 3 2 2 1 2 2 1 2 2 1 2 2
